scan 42
battery_check 15
correct_ip
1=0TQZJ62ED01JU2
2=0TQZJ62ED01JQV
3=0TQZJ62ED01K3Y
4=0TQZJ62ED01JTE
5=0TQZJ5XED01HAS
6=0TQZJ62ED01JT4
7=0TQZJ62ED01JSA
8=0TQZJ62ED01JV3
9=0TQZJ62ED01JTU
10=0TQZJ62ED01JRP
11=0TQZJ62ED01JV6
12=0TQZJ62ED01JRD
13=0TQZJ62ED01JWW
14=0TQZJ62ED01JQR
15=0TQZJ62ED01JRT
16=0TQZJ62ED01JQT
17=0TQZJ62ED01JSC
18=0TQZJ62ED01JXF
19=0TQZJ5XED01HBG
20=0TQZJ62ED01JUY
21=0TQZJ1EED01A5N
22=0TQZJ1EED01A4X
23=0TQZJ75ED01MGJ
24=0TQZJ75ED01N4G
25=0TQZJ75ED01P8D
26=0TQZJ75ED01MMA
27=0TQZJ75ED01MTZ
28=0TQZJ75ED01N4T
29=0TQZJ75ED01MQJ
30=0TQZJ75ED01MGH
31=0TQZJ75ED01MU0
32=0TQZJ75ED01N3S
33=0TQZJ75ED01ML7
34=0TQZJ75ED01N3V
35=0TQZJ75ED01MVZ
36=0TQZJ75ED01MUL
37=0TQZJ75ED01MU4
38=0TQZJ75ED01MV9
39=0TQZJ75ED01MKE
40=0TQZJ75ED01MJK
41=0TQZJ75ED01MJG
42=0TQZJ75ED01MKP
sync 5
*>mon
sync 15
*>takeoff
sync 15
1>go 0 0 122 10
2>go 0 0 122 10
3>go 0 0 122 10
4>go 0 0 122 10
5>go 0 0 122 10
6>go 0 0 122 10
7>go 0 0 122 10
8>go 0 0 122 10
9>go 0 0 122 10
10>go 0 0 122 10
11>go 0 0 122 10
12>go 0 0 122 10
13>go 0 0 122 10
14>go 0 0 122 10
15>go 0 0 122 10
16>go 0 0 122 10
17>go 0 0 122 10
18>go 0 0 122 10
19>go 0 0 122 10
20>go 0 0 122 10
21>go 0 0 122 10
22>go 0 0 122 10
23>go 0 0 122 10
24>go 0 0 122 10
25>go 0 0 122 10
26>go 0 0 122 10
27>go 0 0 122 10
28>go 0 0 122 10
29>go 0 0 122 10
30>go 0 0 122 10
31>go 0 0 122 10
32>go 0 0 122 10
33>go 0 0 122 10
34>go 0 0 122 10
35>go 0 0 122 10
36>go 0 0 122 10
37>go 0 0 122 10
38>go 0 0 122 10
39>go 0 0 122 10
40>go 0 0 122 10
41>go 0 0 122 10
42>go 0 0 122 10
sync 5
delay 5
battery_check 15
delay 5
sync 5
battery_check 15
delay 5
sync 5
battery_check 15
delay 5
sync 5
battery_check 15
delay 5
sync 5
battery_check 15
delay 5
sync 5
battery_check 15
delay 5
sync 5
1>go 0 0 -61 10
2>go 0 0 -61 10
3>go 0 0 -61 10
4>go 0 0 -61 10
5>go 0 0 -61 10
6>go 0 0 -61 10
7>go 0 0 -61 10
8>go 0 0 -61 10
9>go 0 0 -61 10
10>go 0 0 -61 10
11>go 0 0 -61 10
12>go 0 0 -61 10
13>go 0 0 -61 10
14>go 0 0 -61 10
15>go 0 0 -61 10
16>go 0 0 -61 10
17>go 0 0 -61 10
18>go 0 0 -61 10
19>go 0 0 -61 10
20>go 0 0 -61 10
21>go 0 0 -61 10
22>go 0 0 -61 10
23>go 0 0 -61 10
24>go 0 0 -61 10
25>go 0 0 -61 10
26>go 0 0 -61 10
27>go 0 0 -61 10
28>go 0 0 -61 10
29>go 0 0 -61 10
30>go 0 0 -61 10
31>go 0 0 -61 10
32>go 0 0 -61 10
33>go 0 0 -61 10
34>go 0 0 -61 10
35>go 0 0 -61 10
36>go 0 0 -61 10
37>go 0 0 -61 10
38>go 0 0 -61 10
39>go 0 0 -61 10
40>go 0 0 -61 10
41>go 0 0 -61 10
42>go 0 0 -61 10
sync 5
delay 5
battery_check 15
delay 5
sync 5
battery_check 15
delay 5
sync 5
1>go 0 0 122 10
2>go 0 0 122 10
3>go 0 0 122 10
4>go 0 0 122 10
5>go 0 0 122 10
6>go 0 0 122 10
7>go 0 0 122 10
8>go 0 0 122 10
9>go 0 0 122 10
10>go 0 0 122 10
11>go 0 0 122 10
12>go 0 0 122 10
13>go 0 0 122 10
14>go 0 0 122 10
15>go 0 0 122 10
16>go 0 0 122 10
17>go 0 0 122 10
18>go 0 0 122 10
19>go 0 0 122 10
20>go 0 0 122 10
21>go 0 0 122 10
22>go 0 0 122 10
23>go 0 0 122 10
24>go 0 0 122 10
25>go 0 0 122 10
26>go 0 0 122 10
27>go 0 0 122 10
28>go 0 0 122 10
29>go 0 0 122 10
30>go 0 0 122 10
31>go 0 0 122 10
32>go 0 0 122 10
33>go 0 0 122 10
34>go 0 0 122 10
35>go 0 0 122 10
36>go 0 0 122 10
37>go 0 0 122 10
38>go 0 0 122 10
39>go 0 0 122 10
40>go 0 0 122 10
41>go 0 0 122 10
42>go 0 0 122 10
sync 5 
delay 5
battery_check 15
delay 5
sync 5
9>go 0 0 -122 10
10>go 0 0 -122 10
11>go 0 0 -122 10
12>go 0 0 -122 10
13>go 0 0 -122 10
14>go 0 0 -122 10
15>go 0 0 -122 10
sync 5 
delay 5
battery_check 15
delay 5
sync 5
1>go 0 0 183 10
2>go 0 0 183 10
3>go 0 0 183 10
4>go 0 0 183 10
5>go 0 0 183 10
6>go 0 0 183 10
7>go 0 0 183 10
8>go 0 0 183 10
17>go 0 0 183 10
18>go 0 0 183 10
19>go 0 0 183 10
20>go 0 0 183 10
21>go 0 0 183 10
22>go 0 0 183 10
23>go 0 0 183 10
24>go 0 0 183 10
25>go 0 0 183 10
26>go 0 0 183 10
27>go 0 0 183 10
28>go 0 0 183 10
29>go 0 0 183 10
30>go 0 0 183 10
31>go 0 0 183 10
32>go 0 0 183 10
33>go 0 0 183 10
34>go 0 0 183 10
35>go 0 0 183 10
36>go 0 0 183 10
37>go 0 0 183 10
38>go 0 0 183 10
39>go 0 0 183 10
40>go 0 0 183 10
41>go 0 0 183 10
42>go 0 0 183 10
43>go 0 0 183 10
44>go 0 0 183 10
45>go 0 0 183 10
46>go 0 0 183 10
47>go 0 0 183 10
48>go 0 0 183 10
49>go 0 0 183 10
50>go 0 0 183 10
sync 5
delay 5
battery_check 15
delay 5
sync 5
9>go 0 0 -183 10
10>go 0 0 -183 10
11>go 0 0 -183 10
12>go 0 0 -183 10
13>go 0 0 -183 10
14>go 0 0 -183 10
15>go 0 0 -183 10
16>go 0 0 -183 10
17>go 0 0 -183 10
18>go 0 0 -183 10
19>go 0 0 -183 10
20>go 0 0 -183 10
21>go 0 0 -183 10
22>go 0 0 -183 10
23>go 0 0 -183 10
24>go 0 0 -183 10
25>go 0 0 -183 10
26>go 0 0 -183 10
27>go 0 0 -183 10
28>go 0 0 -183 10
29>go 0 0 -183 10
30>go 0 0 -183 10
31>go 0 0 -183 10
32>go 0 0 -183 10
33>go 0 0 -183 10
34>go 0 0 -183 10
35>go 0 0 -183 10
36>go 0 0 -183 10
37>go 0 0 -183 10
38>go 0 0 -183 10
39>go 0 0 -183 10
40>go 0 0 -183 10
41>go 0 0 -183 10
42>go 0 0 -183 10
43>go 0 0 -183 10
44>go 0 0 -183 10
45>go 0 0 -183 10
46>go 0 0 -183 10
47>go 0 0 -183 10
48>go 0 0 -183 10
49>go 0 0 -183 10
50>go 0 0 -183 10
sync 5
delay5
battery_check 15
delay 5
sync 5
battery_check 15
delay 5
sync 5
battery_check 15
delay 5
sync 5
battery_check 15
delay 5
sync 5
battery_check 15
delay 5
sync 5
9>go 0 0 61 10
10>go 0 0 61 10
11>go 0 0 61 10
12>go 0 0 61 10
13>go 0 0 61 10
14>go 0 0 61 10
15>go 0 0 61 10
16>go 0 0 61 10
17>go 0 0 61 10
18>go 0 0 61 10
19>go 0 0 61 10
20>go 0 0 61 10
21>go 0 0 61 10
22>go 0 0 61 10
23>go 0 0 61 10
24>go 0 0 61 10
25>go 0 0 61 10
26>go 0 0 61 10
27>go 0 0 61 10
28>go 0 0 61 10
29>go 0 0 61 10
30>go 0 0 61 10
31>go 0 0 61 10
32>go 0 0 61 10
33>go 0 0 61 10
34>go 0 0 61 10
35>go 0 0 61 10
36>go 0 0 61 10
37>go 0 0 61 10
38>go 0 0 61 10
39>go 0 0 61 10
40>go 0 0 61 10
41>go 0 0 61 10
42>go 0 0 61 10
43>go 0 0 61 10
44>go 0 0 61 10
45>go 0 0 61 10
46>go 0 0 61 10
47>go 0 0 61 10
48>go 0 0 61 10
49>go 0 0 61 10
50>go 0 0 61 10
sync 5
delay 5
battery_check 15
delay 5
sync 5
1>go 0 0 -61 10
2>go 0 0 -61 10
3>go 0 0 -61 10
4>go 0 0 -61 10
5>go 0 0 -61 10
6>go 0 0 -61 10
7>go 0 0 -61 10
8>go 0 0 -61 10
9>go 0 0 -61 10
10>go 0 0 -61 10
11>go 0 0 -61 10
12>go 0 0 -61 10
13>go 0 0 -61 10
14>go 0 0 -61 10
15>go 0 0 -61 10
16>go 0 0 -61 10
17>go 0 0 -61 10
18>go 0 0 -61 10
19>go 0 0 -61 10
20>go 0 0 -61 10
21>go 0 0 -61 10
22>go 0 0 -61 10
23>go 0 0 -61 10
24>go 0 0 -61 10
25>go 0 0 -61 10
26>go 0 0 -61 10
27>go 0 0 -61 10
28>go 0 0 -61 10
29>go 0 0 -61 10
30>go 0 0 -61 10
31>go 0 0 -61 10
32>go 0 0 -61 10
33>go 0 0 -61 10
34>go 0 0 -61 10
35>go 0 0 -61 10
36>go 0 0 -61 10
37>go 0 0 -61 10
38>go 0 0 -61 10
39>go 0 0 -61 10
40>go 0 0 -61 10
41>go 0 0 -61 10
42>go 0 0 -61 10
sync 5
delay 5
battery_check 15
delay 5
sync 5
battery_check 15
delay 5
sync 5
9>go 0 0 183 20
10>go 0 0 183 20
11>go 0 0 183 20
12>go 0 0 183 20
13>go 0 0 183 20
14>go 0 0 183 20
15>go 0 0 183 20
16>go 0 0 183 20
17>go 0 0 183 20
18>go 0 0 183 20
19>go 0 0 183 20
20>go 0 0 183 20
21>go 0 0 183 20
22>go 0 0 183 20
23>go 0 0 183 20
24>go 0 0 183 20
25>go 0 0 183 20
26>go 0 0 183 20
27>go 0 0 183 20
28>go 0 0 183 20
29>go 0 0 183 20
30>go 0 0 183 20
31>go 0 0 183 20
32>go 0 0 183 20
33>go 0 0 183 20
34>go 0 0 183 20
35>go 0 0 183 20
36>go 0 0 183 20
37>go 0 0 183 20
38>go 0 0 183 20
39>go 0 0 183 20
40>go 0 0 183 20
41>go 0 0 183 20
42>go 0 0 183 20
43>go 0 0 183 20
44>go 0 0 183 20
45>go 0 0 183 20
46>go 0 0 183 20
47>go 0 0 183 20
48>go 0 0 183 20
49>go 0 0 183 20
50>go 0 0 183 20
sync 5
delay 5
battery_check 15
delay 5
sync 5
battery_check 15
delay 5
sync 5
battery_check 15
delay 5
sync 5
battery_check 15
delay 5
sync 5
battery_check 15
delay 5
sync 5
1>go 0 0 -61 10
2>go 0 0 -61 10
3>go 0 0 -61 10
4>go 0 0 -61 10
5>go 0 0 -61 10
6>go 0 0 -61 10
7>go 0 0 -61 10
8>go 0 0 -61 10
9>go 0 0 -61 10
10>go 0 0 -61 10
11>go 0 0 -61 10
12>go 0 0 -61 10
13>go 0 0 -61 10
14>go 0 0 -61 10
15>go 0 0 -61 10
16>go 0 0 -61 10
17>go 0 0 -61 10
18>go 0 0 -61 10
19>go 0 0 -61 10
20>go 0 0 -61 10
21>go 0 0 -61 10
22>go 0 0 -61 10
23>go 0 0 -61 10
24>go 0 0 -61 10
25>go 0 0 -61 10
26>go 0 0 -61 10
27>go 0 0 -61 10
28>go 0 0 -61 10
29>go 0 0 -61 10
30>go 0 0 -61 10
31>go 0 0 -61 10
32>go 0 0 -61 10
33>go 0 0 -61 10
34>go 0 0 -61 10
35>go 0 0 -61 10
36>go 0 0 -61 10
37>go 0 0 -61 10
38>go 0 0 -61 10
39>go 0 0 -61 10
40>go 0 0 -61 10
41>go 0 0 -61 10
42>go 0 0 -61 10
sync 5
delay 4
battery_check 15
delay 5
sync 5
battery_check 15
delay 5
sync 5
battery_check 15
delay 5
sync 5
battery_check 15
delay 5
sync 5
battery_check 15
delay 5
sync 5
battery_check 15
delay 5
sync 5
9>go 0 0 61 10
10>go 0 0 61 10
11>go 0 0 61 10
12>go 0 0 61 10
13>go 0 0 61 10
14>go 0 0 61 10
15>go 0 0 61 10
16>go 0 0 61 10
17>go 0 0 61 10
18>go 0 0 61 10
19>go 0 0 61 10
20>go 0 0 61 10
21>go 0 0 61 10
22>go 0 0 61 10
23>go 0 0 61 10
24>go 0 0 61 10
25>go 0 0 61 10
26>go 0 0 61 10
27>go 0 0 61 10
28>go 0 0 61 10
29>go 0 0 61 10
30>go 0 0 61 10
31>go 0 0 61 10
32>go 0 0 61 10
33>go 0 0 61 10
34>go 0 0 61 10
35>go 0 0 61 10
36>go 0 0 61 10
37>go 0 0 61 10
38>go 0 0 61 10
39>go 0 0 61 10
40>go 0 0 61 10
41>go 0 0 61 10
42>go 0 0 61 10
43>go 0 0 61 10
44>go 0 0 61 10
45>go 0 0 61 10
46>go 0 0 61 10
47>go 0 0 61 10
48>go 0 0 61 10
49>go 0 0 61 10
50>go 0 0 61 10
sync 5
delay 4
battery_check 15
delay 5
sync 5
battery_check 15
delay 5
sync 5
battery_check 15
delay 5
sync 5
battery_check 15
delay 5
sync 5
battery_check 15
delay 5
sync 5
battery_check 15
delay 5
sync 5
battery_check 15
delay 5
sync 5
battery_check 15
delay 5
sync 5
1>go 0 0 -61 10
2>go 0 0 -61 10
3>go 0 0 -61 10
4>go 0 0 -61 10
5>go 0 0 -61 10
6>go 0 0 -61 10
7>go 0 0 -61 10
8>go 0 0 -61 10
9>go 0 0 -61 10
10>go 0 0 -61 10
11>go 0 0 -61 10
12>go 0 0 -61 10
13>go 0 0 -61 10
14>go 0 0 -61 10
15>go 0 0 -61 10
16>go 0 0 -61 10
17>go 0 0 -61 10
18>go 0 0 -61 10
19>go 0 0 -61 10
20>go 0 0 -61 10
21>go 0 0 -61 10
22>go 0 0 -61 10
23>go 0 0 -61 10
24>go 0 0 -61 10
25>go 0 0 -61 10
26>go 0 0 -61 10
27>go 0 0 -61 10
28>go 0 0 -61 10
29>go 0 0 -61 10
30>go 0 0 -61 10
31>go 0 0 -61 10
32>go 0 0 -61 10
33>go 0 0 -61 10
34>go 0 0 -61 10
35>go 0 0 -61 10
36>go 0 0 -61 10
37>go 0 0 -61 10
38>go 0 0 -61 10
39>go 0 0 -61 10
40>go 0 0 -61 10
41>go 0 0 -61 10
42>go 0 0 -61 10
sync 5
dealy 4
1>go 0 0 122 10
2>go 0 0 122 10
3>go 0 0 122 10
4>go 0 0 122 10
5>go 0 0 122 10
6>go 0 0 122 10
7>go 0 0 122 10
8>go 0 0 122 10
9>go 0 0 122 10
10>go 0 0 122 10
11>go 0 0 122 10
12>go 0 0 122 10
13>go 0 0 122 10
14>go 0 0 122 10
15>go 0 0 122 10
16>go 0 0 122 10
17>go 0 0 122 10
18>go 0 0 122 10
19>go 0 0 122 10
20>go 0 0 122 10
21>go 0 0 122 10
22>go 0 0 122 10
23>go 0 0 122 10
24>go 0 0 122 10
25>go 0 0 122 10
26>go 0 0 122 10
27>go 0 0 122 10
28>go 0 0 122 10
29>go 0 0 122 10
30>go 0 0 122 10
31>go 0 0 122 10
32>go 0 0 122 10
33>go 0 0 122 10
34>go 0 0 122 10
35>go 0 0 122 10
36>go 0 0 122 10
37>go 0 0 122 10
38>go 0 0 122 10
39>go 0 0 122 10
40>go 0 0 122 10
41>go 0 0 122 10
42>go 0 0 122 10
sync 5 
delay 3
battery_check 15
delay 5
sync 5
battery_check 15
delay 5
sync 5
battery_check 15
delay 5
sync 5
battery_check 15
delay 5
sync 5
9>go 0 0 -122 10
10>go 0 0 -122 10
11>go 0 0 -122 10
12>go 0 0 -122 10
13>go 0 0 -122 10
14>go 0 0 -122 10
15>go 0 0 -122 10
16>go 0 0 -122 10
17>go 0 0 -122 10
18>go 0 0 -122 10
19>go 0 0 -122 10
20>go 0 0 -122 10
21>go 0 0 -122 10
22>go 0 0 -122 10
23>go 0 0 -122 10
24>go 0 0 -122 10
25>go 0 0 -122 10
26>go 0 0 -122 10
27>go 0 0 -122 10
28>go 0 0 -122 10
29>go 0 0 -122 10
30>go 0 0 -122 10
31>go 0 0 -122 10
32>go 0 0 -122 10
33>go 0 0 -122 10
34>go 0 0 -122 10
35>go 0 0 -122 10
36>go 0 0 -122 10
37>go 0 0 -122 10
38>go 0 0 -122 10
39>go 0 0 -122 10
40>go 0 0 -122 10
41>go 0 0 -122 10
42>go 0 0 -122 10
43>go 0 0 -122 10
44>go 0 0 -122 10
45>go 0 0 -122 10
46>go 0 0 -122 10
47>go 0 0 -122 10
48>go 0 0 -122 10
49>go 0 0 -122 10
50>go 0 0 -122 10
sync 5
delay 3
battery_check 15
delay 5
sync 5
1>go 0 0 122 10
2>go 0 0 122 10
3>go 0 0 122 10
4>go 0 0 122 10
5>go 0 0 122 10
6>go 0 0 122 10
7>go 0 0 122 10
8>go 0 0 122 10
9>go 0 0 122 10
10>go 0 0 122 10
11>go 0 0 122 10
12>go 0 0 122 10
13>go 0 0 122 10
14>go 0 0 122 10
15>go 0 0 122 10
16>go 0 0 122 10
17>go 0 0 122 10
18>go 0 0 122 10
19>go 0 0 122 10
20>go 0 0 122 10
21>go 0 0 122 10
22>go 0 0 122 10
23>go 0 0 122 10
24>go 0 0 122 10
25>go 0 0 122 10
26>go 0 0 122 10
27>go 0 0 122 10
28>go 0 0 122 10
29>go 0 0 122 10
30>go 0 0 122 10
31>go 0 0 122 10
32>go 0 0 122 10
33>go 0 0 122 10
34>go 0 0 122 10
35>go 0 0 122 10
36>go 0 0 122 10
37>go 0 0 122 10
38>go 0 0 122 10
39>go 0 0 122 10
40>go 0 0 122 10
41>go 0 0 122 10
42>go 0 0 122 10
sync 5
delay 3
battery_check 15
delay 5
sync 5
battery_check 15
delay 5
sync 5
battery_check 15
delay 5
sync 5
battery_check 15
delay 5
sync 5
1>go 0 0 -61 10
2>go 0 0 -61 10
3>go 0 0 -61 10
4>go 0 0 -61 10
5>go 0 0 -61 10
6>go 0 0 -61 10
7>go 0 0 -61 10
8>go 0 0 -61 10
9>go 0 0 -61 10
10>go 0 0 -61 10
11>go 0 0 -61 10
12>go 0 0 -61 10
13>go 0 0 -61 10
14>go 0 0 -61 10
15>go 0 0 -61 10
16>go 0 0 -61 10
17>go 0 0 -61 10
18>go 0 0 -61 10
19>go 0 0 -61 10
20>go 0 0 -61 10
21>go 0 0 -61 10
22>go 0 0 -61 10
23>go 0 0 -61 10
24>go 0 0 -61 10
25>go 0 0 -61 10
26>go 0 0 -61 10
27>go 0 0 -61 10
28>go 0 0 -61 10
29>go 0 0 -61 10
30>go 0 0 -61 10
31>go 0 0 -61 10
32>go 0 0 -61 10
33>go 0 0 -61 10
34>go 0 0 -61 10
35>go 0 0 -61 10
36>go 0 0 -61 10
37>go 0 0 -61 10
38>go 0 0 -61 10
39>go 0 0 -61 10
40>go 0 0 -61 10
41>go 0 0 -61 10
42>go 0 0 -61 10
sync 5
delay 4
battery_check 15
delay 5
sync 5
battery_check 15
delay 5
sync 5
battery_check 15
delay 5
sync 5
9>go 0 0 61 10
10>go 0 0 61 10
11>go 0 0 61 10
12>go 0 0 61 10
13>go 0 0 61 10
14>go 0 0 61 10
15>go 0 0 61 10
16>go 0 0 61 10
17>go 0 0 61 10
18>go 0 0 61 10
19>go 0 0 61 10
20>go 0 0 61 10
21>go 0 0 61 10
22>go 0 0 61 10
23>go 0 0 61 10
24>go 0 0 61 10
25>go 0 0 61 10
26>go 0 0 61 10
27>go 0 0 61 10
28>go 0 0 61 10
29>go 0 0 61 10
30>go 0 0 61 10
31>go 0 0 61 10
32>go 0 0 61 10
33>go 0 0 61 10
34>go 0 0 61 10
35>go 0 0 61 10
36>go 0 0 61 10
37>go 0 0 61 10
38>go 0 0 61 10
39>go 0 0 61 10
40>go 0 0 61 10
41>go 0 0 61 10
42>go 0 0 61 10
43>go 0 0 61 10
44>go 0 0 61 10
45>go 0 0 61 10
46>go 0 0 61 10
47>go 0 0 61 10
48>go 0 0 61 10
49>go 0 0 61 10
50>go 0 0 61 10
sync 5
delay 4
battery_check 15
delay 5
sync 5
battery_check 15
delay 5
sync 5
battery_check 15
delay 5
sync 5
battery_check 15
delay 5
sync 5
9>go 0 0 -122 10
10>go 0 0 -122 10
11>go 0 0 -122 10
12>go 0 0 -122 10
13>go 0 0 -122 10
14>go 0 0 -122 10
15>go 0 0 -122 10
16>go 0 0 -122 10
17>go 0 0 -122 10
18>go 0 0 -122 10
19>go 0 0 -122 10
20>go 0 0 -122 10
21>go 0 0 -122 10
22>go 0 0 -122 10
23>go 0 0 -122 10
24>go 0 0 -122 10
25>go 0 0 -122 10
26>go 0 0 -122 10
27>go 0 0 -122 10
28>go 0 0 -122 10
29>go 0 0 -122 10
30>go 0 0 -122 10
31>go 0 0 -122 10
32>go 0 0 -122 10
33>go 0 0 -122 10
34>go 0 0 -122 10
35>go 0 0 -122 10
36>go 0 0 -122 10
37>go 0 0 -122 10
38>go 0 0 -122 10
39>go 0 0 -122 10
40>go 0 0 -122 10
41>go 0 0 -122 10
42>go 0 0 -122 10
43>go 0 0 -122 10
44>go 0 0 -122 10
45>go 0 0 -122 10
46>go 0 0 -122 10
47>go 0 0 -122 10
48>go 0 0 -122 10
49>go 0 0 -122 10
50>go 0 0 -122 10
sync 5
delay 3
battery_check 15
delay 5
sync 5
battery_check 15
delay 5
sync 5
battery_check 15
delay 5
sync 5
battery_check 15
delay 5
sync 5
battery_check 15
delay 5
sync 5
battery_check 15
delay 5
sync 5
1>go 0 0 122 10
2>go 0 0 122 10
3>go 0 0 122 10
4>go 0 0 122 10
5>go 0 0 122 10
6>go 0 0 122 10
7>go 0 0 122 10
8>go 0 0 122 10
9>go 0 0 122 10
10>go 0 0 122 10
11>go 0 0 122 10
12>go 0 0 122 10
13>go 0 0 122 10
14>go 0 0 122 10
15>go 0 0 122 10
16>go 0 0 122 10
17>go 0 0 122 10
18>go 0 0 122 10
19>go 0 0 122 10
20>go 0 0 122 10
21>go 0 0 122 10
22>go 0 0 122 10
23>go 0 0 122 10
24>go 0 0 122 10
25>go 0 0 122 10
26>go 0 0 122 10
27>go 0 0 122 10
28>go 0 0 122 10
29>go 0 0 122 10
30>go 0 0 122 10
31>go 0 0 122 10
32>go 0 0 122 10
33>go 0 0 122 10
34>go 0 0 122 10
35>go 0 0 122 10
36>go 0 0 122 10
37>go 0 0 122 10
38>go 0 0 122 10
39>go 0 0 122 10
40>go 0 0 122 10
41>go 0 0 122 10
42>go 0 0 122 10
sync 5 
delay 3
battery_check 15
delay 5
sync 5
9>go 0 0 -183 10
10>go 0 0 -183 10
11>go 0 0 -183 10
12>go 0 0 -183 10
13>go 0 0 -183 10
14>go 0 0 -183 10
15>go 0 0 -183 10
16>go 0 0 -183 10
17>go 0 0 -183 10
18>go 0 0 -183 10
19>go 0 0 -183 10
20>go 0 0 -183 10
21>go 0 0 -183 10
22>go 0 0 -183 10
23>go 0 0 -183 10
24>go 0 0 -183 10
25>go 0 0 -183 10
26>go 0 0 -183 10
27>go 0 0 -183 10
28>go 0 0 -183 10
29>go 0 0 -183 10
30>go 0 0 -183 10
31>go 0 0 -183 10
32>go 0 0 -183 10
33>go 0 0 -183 10
34>go 0 0 -183 10
35>go 0 0 -183 10
36>go 0 0 -183 10
37>go 0 0 -183 10
38>go 0 0 -183 10
39>go 0 0 -183 10
40>go 0 0 -183 10
41>go 0 0 -183 10
42>go 0 0 -183 10
43>go 0 0 -183 10
44>go 0 0 -183 10
45>go 0 0 -183 10
46>go 0 0 -183 10
47>go 0 0 -183 10
48>go 0 0 -183 10
49>go 0 0 -183 10
50>go 0 0 -183 10
sync 5
delay 2
9>go 0 0 -122 10
10>go 0 0 -122 10
11>go 0 0 -122 10
12>go 0 0 -122 10
13>go 0 0 -122 10
14>go 0 0 -122 10
15>go 0 0 -122 10
16>go 0 0 -122 10
17>go 0 0 -122 10
18>go 0 0 -122 10
19>go 0 0 -122 10
20>go 0 0 -122 10
21>go 0 0 -122 10
22>go 0 0 -122 10
23>go 0 0 -122 10
24>go 0 0 -122 10
25>go 0 0 -122 10
26>go 0 0 -122 10
27>go 0 0 -122 10
28>go 0 0 -122 10
29>go 0 0 -122 10
30>go 0 0 -122 10
31>go 0 0 -122 10
32>go 0 0 -122 10
33>go 0 0 -122 10
34>go 0 0 -122 10
35>go 0 0 -122 10
36>go 0 0 -122 10
37>go 0 0 -122 10
38>go 0 0 -122 10
39>go 0 0 -122 10
40>go 0 0 -122 10
41>go 0 0 -122 10
42>go 0 0 -122 10
43>go 0 0 -122 10
44>go 0 0 -122 10
45>go 0 0 -122 10
46>go 0 0 -122 10
47>go 0 0 -122 10
48>go 0 0 -122 10
49>go 0 0 -122 10
50>go 0 0 -122 10
sync 5 
delay 3
battery_check 15
delay 5
sync 5
*>land





