1>go 0 0 -80 50
2>go 0 0 80 50
3>go 0 0 -80 50
4>go 0 0 80 50
5>go 0 0 -80 50
6>go 0 0 80 50
7>go 0 0 -80 50
8>go 0 0 80 50
9>go 0 0 -80 50
10>go 0 0 80 50
11>go 0 0 -80 50
12>go 0 0 80 50
13>go 0 0 -80 50
14>go 0 0 80 50
15>go 0 0 -80 50
16>go 0 0 80 50
17>go 0 0 -80 50
18>go 0 0 80 50
19>go 0 0 -80 50
20>go 0 0 80 50
21>go 0 0 -80 50
22>go 0 0 80 50
23>go 0 0 -80 50
24>go 0 0 80 50
25>go 0 0 -80 50
26>go 0 0 80 50
27>go 0 0 -80 50
28>go 0 0 80 50
29>go 0 0 -80 50
30>go 0 0 80 50
31>go 0 0 -80 50
32>go 0 0 80 50
33>go 0 0 -80 50
34>go 0 0 80 50
35>go 0 0 -80 50
36>go 0 0 80 50
37>go 0 0 -80 50
38>go 0 0 80 50
39>go 0 0 -80 50
40>go 0 0 80 50
41>go 0 0 -80 50
42>go 0 0 80 50
43>go 0 0 -80 50
44>go 0 0 80 50
45>go 0 0 -80 50
46>go 0 0 80 50
47>go 0 0 -80 50
48>go 0 0 80 50
49>go 0 0 -80 50
50>go 0 0 80 50
51>go 0 0 -80 50
52>go 0 0 80 50
53>go 0 0 -80 50
54>go 0 0 80 50
55>go 0 0 -80 50
56>go 0 0 80 50
57>go 0 0 -80 50
58>go 0 0 80 50
59>go 0 0 -80 50
60>go 0 0 80 50